-
Particle Pion
Name pull_Pion_EvsX_fgd2
Title EvsX_pull_for_Pion
Nbins 150
Range 0 3000.0
Entries 8945
Bin 1 7.882114887 3.010248394 
Bin 2 12.656616211 3.246432044 
Bin 3 15.774332047 3.482615695 
Bin 4 18.236566544 3.718799345 
Bin 5 20.323217392 3.954982995 
Bin 6 22.159536362 4.191166646 
Bin 7 23.814168930 4.427350296 
Bin 8 25.329452515 4.663533947 
Bin 9 26.733634949 4.899717597 
Bin 10 28.046646118 5.135901247 
Bin 11 29.283157349 5.372084898 
Bin 12 30.454328537 5.608268548 
Bin 13 31.568880081 5.844452199 
Bin 14 32.633773804 6.080635849 
Bin 15 33.654674530 6.316819499 
Bin 16 34.636253357 6.553003150 
Bin 17 35.582424164 6.789186800 
Bin 18 36.496501923 7.025370451 
Bin 19 37.381324768 7.261554101 
Bin 20 38.239330292 7.497737751 
Bin 21 39.072650909 7.615829577 
Bin 22 39.883155823 7.615829577 
Bin 23 40.672481537 7.615829577 
Bin 24 41.442089081 7.615829577 
Bin 25 42.193283081 7.615829577 
Bin 26 42.927230835 7.615829577 
Bin 27 43.644977570 7.615829577 
Bin 28 44.347473145 7.615829577 
Bin 29 45.035583496 7.615829577 
Bin 30 45.710086823 7.615829577 
Bin 31 46.371707916 7.615829577 
Bin 32 47.021095276 7.615829577 
Bin 33 47.658859253 7.615829577 
Bin 34 48.285552979 7.615829577 
Bin 35 48.901691437 7.615829577 
Bin 36 49.507751465 7.615829577 
Bin 37 50.104171753 7.615829577 
Bin 38 50.691368103 7.615829577 
Bin 39 51.269721985 7.615829577 
Bin 40 51.839591980 7.615829577 
Bin 41 52.401309967 7.615829577 
Bin 42 52.955192566 7.615829577 
Bin 43 53.501533508 7.615829577 
Bin 44 54.040607452 7.615829577 
Bin 45 54.572677612 7.615829577 
Bin 46 55.097984314 7.615829577 
Bin 47 55.616767883 7.615829577 
Bin 48 56.129238129 7.615829577 
Bin 49 56.635608673 7.615829577 
Bin 50 57.136070251 7.615829577 
Bin 51 57.630817413 7.615829577 
Bin 52 58.120018005 7.615829577 
Bin 53 58.603843689 7.615829577 
Bin 54 59.082454681 7.615829577 
Bin 55 59.556003571 7.615829577 
Bin 56 60.024635315 7.615829577 
Bin 57 60.488483429 7.615829577 
Bin 58 60.947689056 7.615829577 
Bin 59 61.402370453 7.615829577 
Bin 60 61.852649689 7.615829577 
Bin 61 62.298645020 7.615829577 
Bin 62 62.740467072 7.615829577 
Bin 63 63.178218842 7.615829577 
Bin 64 63.612003326 7.615829577 
Bin 65 64.041923523 7.615829577 
Bin 66 64.468063354 7.615829577 
Bin 67 64.890518188 7.615829577 
Bin 68 65.309371948 7.615829577 
Bin 69 65.724716187 7.615829577 
Bin 70 66.136619568 7.615829577 
Bin 71 66.545166016 7.615829577 
Bin 72 66.950424194 7.615829577 
Bin 73 67.352478027 7.615829577 
Bin 74 67.751388550 7.615829577 
Bin 75 68.147216797 7.615829577 
Bin 76 68.540039062 7.615829577 
Bin 77 68.929908752 7.615829577 
Bin 78 69.316894531 7.615829577 
Bin 79 69.701049805 7.615829577 
Bin 80 70.082427979 7.615829577 
Bin 81 70.461082458 7.615829577 
Bin 82 70.837074280 7.615829577 
Bin 83 71.210449219 7.615829577 
Bin 84 71.581260681 7.615829577 
Bin 85 71.949554443 7.615829577 
Bin 86 72.315376282 7.615829577 
Bin 87 72.678771973 7.615829577 
Bin 88 73.039779663 7.615829577 
Bin 89 73.398452759 7.615829577 
Bin 90 73.754829407 7.615829577 
Bin 91 74.108940125 7.615829577 
Bin 92 74.460838318 7.615829577 
Bin 93 74.810554504 7.615829577 
Bin 94 75.158126831 7.615829577 
Bin 95 75.503585815 7.615829577 
Bin 96 75.846977234 7.615829577 
Bin 97 76.188323975 7.615829577 
Bin 98 76.527671814 7.615829577 
Bin 99 76.865036011 7.615829577 
Bin 100 77.200462341 7.615829577 
Bin 101 77.533973694 7.615829577 
Bin 102 77.865608215 7.615829577 
Bin 103 78.195381165 7.615829577 
Bin 104 78.523330688 7.615829577 
Bin 105 78.849487305 7.615829577 
Bin 106 79.173866272 7.615829577 
Bin 107 79.496505737 7.615829577 
Bin 108 79.817420959 7.615829577 
Bin 109 80.136650085 7.615829577 
Bin 110 80.454200745 7.615829577 
Bin 111 80.770111084 7.615829577 
Bin 112 81.084403992 7.615829577 
Bin 113 81.397087097 7.615829577 
Bin 114 81.708198547 7.615829577 
Bin 115 82.017753601 7.615829577 
Bin 116 82.325775146 7.615829577 
Bin 117 82.632278442 7.615829577 
Bin 118 82.937294006 7.615829577 
Bin 119 83.240837097 7.615829577 
Bin 120 83.542922974 7.615829577 
Bin 121 83.843574524 7.615829577 
Bin 122 84.142807007 7.615829577 
Bin 123 84.440643311 7.615829577 
Bin 124 84.737106323 7.615829577 
Bin 125 85.032196045 7.615829577 
Bin 126 85.325950623 7.615829577 
Bin 127 85.618370056 7.615829577 
Bin 128 85.909477234 7.615829577 
Bin 129 86.199287415 7.615829577 
Bin 130 86.487823486 7.615829577 
Bin 131 86.775085449 7.615829577 
Bin 132 87.061103821 7.615829577 
Bin 133 87.345886230 7.615829577 
Bin 134 87.629455566 7.615829577 
Bin 135 87.911811829 7.615829577 
Bin 136 88.192977905 7.615829577 
Bin 137 88.472961426 7.615829577 
Bin 138 88.751785278 7.615829577 
Bin 139 89.029457092 7.615829577 
Bin 140 89.305992126 7.615829577 
Bin 141 89.581398010 7.615829577 
Bin 142 89.855690002 7.615829577 
Bin 143 90.128883362 7.615829577 
Bin 144 90.400985718 7.615829577 
Bin 145 90.672019958 7.615829577 
Bin 146 90.941978455 7.615829577 
Bin 147 91.210891724 7.615829577 
Bin 148 91.478759766 7.615829577 
Bin 149 91.745597839 7.615829577 
Bin 150 92.011413574 7.615829577 
-
Particle Proton
Name pull_Proton_EvsX_fgd2
Title EvsX_pull_for_Proton
Nbins 150
Range 0 3000.0
Entries 68477
Bin 1 25.816946030 6.314209187 
Bin 2 31.135213852 6.639936005 
Bin 3 34.874008179 6.965662822 
Bin 4 38.107456207 7.291389640 
Bin 5 41.083656311 7.617116458 
Bin 6 43.902290344 7.942843276 
Bin 7 46.613899231 8.268570093 
Bin 8 49.247787476 8.594296911 
Bin 9 51.822525024 8.920023729 
Bin 10 54.350646973 9.245750547 
Bin 11 56.841041565 9.571477364 
Bin 12 59.300235748 9.897204182 
Bin 13 61.733169556 10.222931000 
Bin 14 64.143684387 10.548657818 
Bin 15 66.534820557 10.874384635 
Bin 16 68.909034729 11.200111453 
Bin 17 71.268333435 11.525838271 
Bin 18 73.614372253 11.851565089 
Bin 19 75.948554993 12.177291906 
Bin 20 78.272071838 12.503018724 
Bin 21 80.585922241 12.828745542 
Bin 22 82.890983582 13.154472360 
Bin 23 85.188011169 13.480199177 
Bin 24 87.477668762 13.805925995 
Bin 25 89.760536194 14.131652813 
Bin 26 92.037124634 14.294516222 
Bin 27 94.307899475 14.294516222 
Bin 28 96.573265076 14.294516222 
Bin 29 98.833587646 14.294516222 
Bin 30 101.089195251 14.294516222 
Bin 31 103.340385437 14.294516222 
Bin 32 105.587425232 14.294516222 
Bin 33 107.830566406 14.294516222 
Bin 34 110.070030212 14.294516222 
Bin 35 112.306015015 14.294516222 
Bin 36 114.538719177 14.294516222 
Bin 37 116.768302917 14.294516222 
Bin 38 118.994941711 14.294516222 
Bin 39 121.218765259 14.294516222 
Bin 40 123.439926147 14.294516222 
Bin 41 125.658538818 14.294516222 
Bin 42 127.874725342 14.294516222 
Bin 43 130.088592529 14.294516222 
Bin 44 132.300247192 14.294516222 
Bin 45 134.509780884 14.294516222 
Bin 46 136.717285156 14.294516222 
Bin 47 138.922836304 14.294516222 
Bin 48 141.126525879 14.294516222 
Bin 49 143.328414917 14.294516222 
Bin 50 145.528579712 14.294516222 
Bin 51 147.727081299 14.294516222 
Bin 52 149.923980713 14.294516222 
Bin 53 152.119338989 14.294516222 
Bin 54 154.313217163 14.294516222 
Bin 55 156.505661011 14.294516222 
Bin 56 158.696716309 14.294516222 
Bin 57 160.886428833 14.294516222 
Bin 58 163.074859619 14.294516222 
Bin 59 165.262023926 14.294516222 
Bin 60 167.447982788 14.294516222 
Bin 61 169.632766724 14.294516222 
Bin 62 171.816421509 14.294516222 
Bin 63 173.998977661 14.294516222 
Bin 64 176.180450439 14.294516222 
Bin 65 178.360900879 14.294516222 
Bin 66 180.540328979 14.294516222 
Bin 67 182.718780518 14.294516222 
Bin 68 184.896286011 14.294516222 
Bin 69 187.072875977 14.294516222 
Bin 70 189.248550415 14.294516222 
Bin 71 191.423355103 14.294516222 
Bin 72 193.597305298 14.294516222 
Bin 73 195.770431519 14.294516222 
Bin 74 197.942749023 14.294516222 
Bin 75 200.114288330 14.294516222 
Bin 76 202.285049438 14.294516222 
Bin 77 204.455062866 14.294516222 
Bin 78 206.624343872 14.294516222 
Bin 79 208.792922974 14.294516222 
Bin 80 210.960800171 14.294516222 
Bin 81 213.128005981 14.294516222 
Bin 82 215.294540405 14.294516222 
Bin 83 217.460418701 14.294516222 
Bin 84 219.625686646 14.294516222 
Bin 85 221.790313721 14.294516222 
Bin 86 223.954360962 14.294516222 
Bin 87 226.117797852 14.294516222 
Bin 88 228.280654907 14.294516222 
Bin 89 230.442962646 14.294516222 
Bin 90 232.604690552 14.294516222 
Bin 91 234.765899658 14.294516222 
Bin 92 236.926559448 14.294516222 
Bin 93 239.086715698 14.294516222 
Bin 94 241.246353149 14.294516222 
Bin 95 243.405487061 14.294516222 
Bin 96 245.564147949 14.294516222 
Bin 97 247.722305298 14.294516222 
Bin 98 249.880004883 14.294516222 
Bin 99 252.037246704 14.294516222 
Bin 100 254.194030762 14.294516222 
Bin 101 256.350372314 14.294516222 
Bin 102 258.506286621 14.294516222 
Bin 103 260.661743164 14.294516222 
Bin 104 262.816802979 14.294516222 
Bin 105 264.971466064 14.294516222 
Bin 106 267.125701904 14.294516222 
Bin 107 269.279541016 14.294516222 
Bin 108 271.432983398 14.294516222 
Bin 109 273.586059570 14.294516222 
Bin 110 275.738739014 14.294516222 
Bin 111 277.891082764 14.294516222 
Bin 112 280.043029785 14.294516222 
Bin 113 282.194610596 14.294516222 
Bin 114 284.345855713 14.294516222 
Bin 115 286.496765137 14.294516222 
Bin 116 288.647338867 14.294516222 
Bin 117 290.797546387 14.294516222 
Bin 118 292.947448730 14.294516222 
Bin 119 295.097015381 14.294516222 
Bin 120 297.246246338 14.294516222 
Bin 121 299.395202637 14.294516222 
Bin 122 301.543823242 14.294516222 
Bin 123 303.692138672 14.294516222 
Bin 124 305.840148926 14.294516222 
Bin 125 307.987884521 14.294516222 
Bin 126 310.135314941 14.294516222 
Bin 127 312.282470703 14.294516222 
Bin 128 314.429351807 14.294516222 
Bin 129 316.575927734 14.294516222 
Bin 130 318.722259521 14.294516222 
Bin 131 320.868286133 14.294516222 
Bin 132 323.014068604 14.294516222 
Bin 133 325.159576416 14.294516222 
Bin 134 327.304840088 14.294516222 
Bin 135 329.449859619 14.294516222 
Bin 136 331.594604492 14.294516222 
Bin 137 333.739105225 14.294516222 
Bin 138 335.883361816 14.294516222 
Bin 139 338.027374268 14.294516222 
Bin 140 340.171173096 14.294516222 
Bin 141 342.314697266 14.294516222 
Bin 142 344.458007812 14.294516222 
Bin 143 346.601104736 14.294516222 
Bin 144 348.743957520 14.294516222 
Bin 145 350.886596680 14.294516222 
Bin 146 353.029022217 14.294516222 
Bin 147 355.171234131 14.294516222 
Bin 148 357.313201904 14.294516222 
Bin 149 359.454986572 14.294516222 
Bin 150 361.596557617 14.294516222 
-
Particle Muon
Name pull_Muon_EvsX_fgd2
Title EvsX_pull_for_Muon
Nbins 150
Range 0 3000.0
Entries 23961
Bin 1 5.707313538 4.637233654 
Bin 2 9.844866753 4.409329416 
Bin 3 12.685435295 4.218613862 
Bin 4 14.990753174 4.063967710 
Bin 5 16.981964111 3.944271681 
Bin 6 18.760198593 3.858406493 
Bin 7 20.381761551 3.805252868 
Bin 8 21.881822586 3.783691525 
Bin 9 23.284088135 3.792603183 
Bin 10 24.605438232 3.830868562 
Bin 11 25.858394623 3.897368383 
Bin 12 27.052551270 3.990983365 
Bin 13 28.195449829 4.110594227 
Bin 14 29.293146133 4.255081690 
Bin 15 30.350593567 4.423326474 
Bin 16 31.371900558 4.614209297 
Bin 17 32.360523224 4.826610881 
Bin 18 33.319393158 5.059411944 
Bin 19 34.251041412 5.311493207 
Bin 20 35.157646179 5.581735389 
Bin 21 36.041122437 5.869019210 
Bin 22 36.903137207 6.172225390 
Bin 23 37.745185852 6.490234649 
Bin 24 38.568584442 6.821927706 
Bin 25 39.374511719 7.166185281 
Bin 26 40.164031982 7.521888095 
Bin 27 40.938106537 7.887916866 
Bin 28 41.697601318 8.263152316 
Bin 29 42.443305969 8.646475162 
Bin 30 43.175941467 9.036766126 
Bin 31 43.896171570 9.432905927 
Bin 32 44.604598999 9.833775285 
Bin 33 45.301788330 10.238254919 
Bin 34 45.988250732 10.645225550 
Bin 35 46.664466858 11.053567897 
Bin 36 47.330879211 11.192395131 
Bin 37 47.987903595 11.192395131 
Bin 38 48.635917664 11.192395131 
Bin 39 49.275283813 11.192395131 
Bin 40 49.906341553 11.192395131 
Bin 41 50.529396057 11.192395131 
Bin 42 51.144752502 11.192395131 
Bin 43 51.752681732 11.192395131 
Bin 44 52.353446960 11.192395131 
Bin 45 52.947296143 11.192395131 
Bin 46 53.534461975 11.192395131 
Bin 47 54.115158081 11.192395131 
Bin 48 54.689598083 11.192395131 
Bin 49 55.257980347 11.192395131 
Bin 50 55.820487976 11.192395131 
Bin 51 56.377296448 11.192395131 
Bin 52 56.928581238 11.192395131 
Bin 53 57.474498749 11.192395131 
Bin 54 58.015205383 11.192395131 
Bin 55 58.550842285 11.192395131 
Bin 56 59.081550598 11.192395131 
Bin 57 59.607463837 11.192395131 
Bin 58 60.128707886 11.192395131 
Bin 59 60.645404816 11.192395131 
Bin 60 61.157672882 11.192395131 
Bin 61 61.665622711 11.192395131 
Bin 62 62.169357300 11.192395131 
Bin 63 62.668983459 11.192395131 
Bin 64 63.164600372 11.192395131 
Bin 65 63.656303406 11.192395131 
Bin 66 64.144172668 11.192395131 
Bin 67 64.628311157 11.192395131 
Bin 68 65.108795166 11.192395131 
Bin 69 65.585708618 11.192395131 
Bin 70 66.059120178 11.192395131 
Bin 71 66.529121399 11.192395131 
Bin 72 66.995773315 11.192395131 
Bin 73 67.459144592 11.192395131 
Bin 74 67.919311523 11.192395131 
Bin 75 68.376335144 11.192395131 
Bin 76 68.830276489 11.192395131 
Bin 77 69.281204224 11.192395131 
Bin 78 69.729164124 11.192395131 
Bin 79 70.174232483 11.192395131 
Bin 80 70.616447449 11.192395131 
Bin 81 71.055870056 11.192395131 
Bin 82 71.492546082 11.192395131 
Bin 83 71.926536560 11.192395131 
Bin 84 72.357887268 11.192395131 
Bin 85 72.786643982 11.192395131 
Bin 86 73.212844849 11.192395131 
Bin 87 73.636550903 11.192395131 
Bin 88 74.057792664 11.192395131 
Bin 89 74.476615906 11.192395131 
Bin 90 74.893058777 11.192395131 
Bin 91 75.307167053 11.192395131 
Bin 92 75.718978882 11.192395131 
Bin 93 76.128524780 11.192395131 
Bin 94 76.535850525 11.192395131 
Bin 95 76.940986633 11.192395131 
Bin 96 77.343971252 11.192395131 
Bin 97 77.744827271 11.192395131 
Bin 98 78.143608093 11.192395131 
Bin 99 78.540328979 11.192395131 
Bin 100 78.935020447 11.192395131 
Bin 101 79.327720642 11.192395131 
Bin 102 79.718467712 11.192395131 
Bin 103 80.107269287 11.192395131 
Bin 104 80.494171143 11.192395131 
Bin 105 80.879188538 11.192395131 
Bin 106 81.262359619 11.192395131 
Bin 107 81.643699646 11.192395131 
Bin 108 82.023246765 11.192395131 
Bin 109 82.401016235 11.192395131 
Bin 110 82.777038574 11.192395131 
Bin 111 83.151329041 11.192395131 
Bin 112 83.523918152 11.192395131 
Bin 113 83.894836426 11.192395131 
Bin 114 84.264091492 11.192395131 
Bin 115 84.631706238 11.192395131 
Bin 116 84.997711182 11.192395131 
Bin 117 85.362129211 11.192395131 
Bin 118 85.724967957 11.192395131 
Bin 119 86.086257935 11.192395131 
Bin 120 86.446014404 11.192395131 
Bin 121 86.804252625 11.192395131 
Bin 122 87.161003113 11.192395131 
Bin 123 87.516273499 11.192395131 
Bin 124 87.870086670 11.192395131 
Bin 125 88.222465515 11.192395131 
Bin 126 88.573417664 11.192395131 
Bin 127 88.922958374 11.192395131 
Bin 128 89.271118164 11.192395131 
Bin 129 89.617897034 11.192395131 
Bin 130 89.963325500 11.192395131 
Bin 131 90.307411194 11.192395131 
Bin 132 90.650169373 11.192395131 
Bin 133 90.991622925 11.192395131 
Bin 134 91.331771851 11.192395131 
Bin 135 91.670646667 11.192395131 
Bin 136 92.008255005 11.192395131 
Bin 137 92.344604492 11.192395131 
Bin 138 92.679718018 11.192395131 
Bin 139 93.013610840 11.192395131 
Bin 140 93.346282959 11.192395131 
Bin 141 93.677757263 11.192395131 
Bin 142 94.008049011 11.192395131 
Bin 143 94.337165833 11.192395131 
Bin 144 94.665122986 11.192395131 
Bin 145 94.991928101 11.192395131 
Bin 146 95.317596436 11.192395131 
Bin 147 95.642143250 11.192395131 
Bin 148 95.965576172 11.192395131 
Bin 149 96.287902832 11.192395131 
Bin 150 96.609138489 11.192395131 
